[
  {
    "vendor": 1,
    "path": [
      [153.0234, -27.4705],
      [153.0240, -27.4710],
      [153.0245, -27.4715],
      [153.0250, -27.4720],
      [153.0255, -27.4725],
      [153.0260, -27.4730],
      [153.0265, -27.4735],
      [153.0270, -27.4740],
      [153.0275, -27.4745]
    ],
    "timestamps": [100, 200, 300, 400, 500, 600, 700, 800, 900]
  },
  {
    "vendor": 2,
    "path": [
      [153.0290, -27.4750],
      [153.0285, -27.4745],
      [153.0280, -27.4740],
      [153.0275, -27.4735],
      [153.0270, -27.4730],
      [153.0265, -27.4725],
      [153.0260, -27.4720],
      [153.0255, -27.4715],
      [153.0250, -27.4710]
    ],
    "timestamps": [120, 240, 360, 480, 600, 720, 840, 960, 1080]
  }
]
